0	0.36
0.01	0.388928571428571
0.02	0.417857142857143
0.03	0.446785714285714
0.04	0.475714285714286
0.05	0.504642857142857
0.06	0.533571428571429
0.07	0.5625
0.08	0.591428571428572
0.09	0.620357142857143
0.1	0.649285714285714
0.11	0.678214285714286
0.12	0.707142857142857
0.13	0.736071428571429
0.14	0.765
0.15	0.793928571428571
0.16	0.822857142857143
0.17	0.851785714285714
0.18	0.880714285714286
0.19	0.9
0.2	0.9
0.21	0.9
0.22	0.9
0.23	0.9
0.24	0.9
0.25	0.9
0.26	0.9
0.27	0.9
0.28	0.9
0.29	0.9
0.3	0.9
0.31	0.9
0.32	0.9
0.33	0.9
0.34	0.9
0.35	0.9
0.36	0.9
0.37	0.9
0.38	0.9
0.39	0.9
0.4	0.9
0.41	0.9
0.42	0.9
0.43	0.9
0.44	0.9
0.45	0.9
0.46	0.9
0.47	0.9
0.48	0.9
0.49	0.9
0.5	0.9
0.51	0.9
0.52	0.9
0.53	0.9
0.54	0.9
0.55	0.9
0.56	0.9
0.57	0.9
0.58	0.9
0.59	0.9
0.6	0.9
0.61	0.9
0.62	0.9
0.63	0.9
0.64	0.9
0.65	0.9
0.66	0.9
0.67	0.9
0.68	0.9
0.69	0.9
0.7	0.9
0.71	0.9
0.72	0.9
0.73	0.9
0.74	0.9
0.75	0.9
0.76	0.9
0.77	0.9
0.78	0.9
0.79	0.9
0.8	0.9
0.81	0.9
0.82	0.9
0.83	0.9
0.84	0.9
0.85	0.9
0.86	0.9
0.87	0.9
0.88	0.9
0.89	0.9
0.9	0.9
0.91	0.9
0.92	0.9
0.93	0.9
0.94	0.893617021276596
0.95	0.884210526315789
0.96	0.875
0.97	0.865979381443299
0.98	0.857142857142857
0.99	0.848484848484849
1	0.84
1.01	0.831683168316832
1.02	0.823529411764706
1.03	0.815533980582524
1.04	0.807692307692308
1.05	0.8
1.06	0.792452830188679
1.07	0.785046728971963
1.08	0.777777777777778
1.09	0.770642201834862
1.1	0.763636363636364
1.11	0.756756756756757
1.12	0.75
1.13	0.743362831858407
1.14	0.736842105263158
1.15	0.730434782608696
1.16	0.724137931034483
1.17	0.717948717948718
1.18	0.711864406779661
1.19	0.705882352941177
1.2	0.7
1.21	0.694214876033058
1.22	0.688524590163934
1.23	0.682926829268293
1.24	0.67741935483871
1.25	0.672
1.26	0.666666666666667
1.27	0.661417322834646
1.28	0.65625
1.29	0.651162790697674
1.3	0.646153846153846
1.31	0.641221374045801
1.32	0.636363636363636
1.33	0.631578947368421
1.34	0.626865671641791
1.35	0.622222222222222
1.36	0.617647058823529
1.37	0.613138686131387
1.38	0.608695652173913
1.39	0.60431654676259
1.4	0.6
1.41	0.595744680851064
1.42	0.591549295774648
1.43	0.587412587412587
1.44	0.583333333333333
1.45	0.579310344827586
1.46	0.575342465753425
1.47	0.571428571428571
1.48	0.567567567567568
1.49	0.563758389261745
1.5	0.56
1.51	0.556291390728477
1.52	0.552631578947368
1.53	0.549019607843137
1.54	0.545454545454545
1.55	0.541935483870968
1.56	0.538461538461538
1.57	0.535031847133758
1.58	0.531645569620253
1.59	0.528301886792453
1.6	0.525
1.61	0.521739130434783
1.62	0.518518518518518
1.63	0.515337423312883
1.64	0.512195121951219
1.65	0.509090909090909
1.66	0.506024096385542
1.67	0.502994011976048
1.68	0.5
1.69	0.497041420118343
1.7	0.494117647058824
1.71	0.491228070175439
1.72	0.488372093023256
1.73	0.485549132947977
1.74	0.482758620689655
1.75	0.48
1.76	0.477272727272727
1.77	0.474576271186441
1.78	0.471910112359551
1.79	0.46927374301676
1.8	0.466666666666667
1.81	0.464088397790055
1.82	0.461538461538462
1.83	0.459016393442623
1.84	0.456521739130435
1.85	0.454054054054054
1.86	0.451612903225806
1.87	0.449197860962567
1.88	0.446808510638298
1.89	0.444444444444444
1.9	0.442105263157895
1.91	0.43979057591623
1.92	0.4375
1.93	0.435233160621762
1.94	0.43298969072165
1.95	0.430769230769231
1.96	0.428571428571429
1.97	0.426395939086294
1.98	0.424242424242424
1.99	0.422110552763819
2	0.42
2.01	0.417910447761194
2.02	0.415841584158416
2.03	0.413793103448276
2.04	0.411764705882353
2.05	0.409756097560976
2.06	0.407766990291262
2.07	0.405797101449275
2.08	0.403846153846154
2.09	0.401913875598086
2.1	0.4
2.11	0.398104265402844
2.12	0.39622641509434
2.13	0.394366197183099
2.14	0.392523364485981
2.15	0.390697674418605
2.16	0.388888888888889
2.17	0.387096774193548
2.18	0.385321100917431
2.19	0.383561643835616
2.2	0.381818181818182
2.21	0.380090497737557
2.22	0.378378378378378
2.23	0.376681614349776
2.24	0.375
2.25	0.373333333333333
2.26	0.371681415929204
2.27	0.370044052863436
2.28	0.368421052631579
2.29	0.366812227074236
2.3	0.365217391304348
2.31	0.363636363636364
2.32	0.362068965517241
2.33	0.360515021459227
2.34	0.358974358974359
2.35	0.357446808510638
2.36	0.355932203389831
2.37	0.354430379746835
2.38	0.352941176470588
2.39	0.351464435146443
2.4	0.35
2.41	0.348547717842324
2.42	0.347107438016529
2.43	0.345679012345679
2.44	0.344262295081967
2.45	0.342857142857143
2.46	0.341463414634146
2.47	0.340080971659919
2.48	0.338709677419355
2.49	0.337349397590361
2.5	0.336
2.51	0.334661354581673
2.52	0.333333333333333
2.53	0.33201581027668
2.54	0.330708661417323
2.55	0.329411764705882
2.56	0.328125
2.57	0.326848249027237
2.58	0.325581395348837
2.59	0.324324324324324
2.6	0.323076923076923
2.61	0.32183908045977
2.62	0.320610687022901
2.63	0.319391634980989
2.64	0.318181818181818
2.65	0.316981132075472
2.66	0.315789473684211
2.67	0.314606741573034
2.68	0.313432835820895
2.69	0.312267657992565
2.7	0.311111111111111
2.71	0.309963099630996
2.72	0.308823529411765
2.73	0.307692307692308
2.74	0.306569343065693
2.75	0.305454545454545
2.76	0.304347826086956
2.77	0.303249097472924
2.78	0.302158273381295
2.79	0.301075268817204
2.8	0.3
2.81	0.298932384341637
2.82	0.297872340425532
2.83	0.296819787985866
2.84	0.295774647887324
2.85	0.294736842105263
2.86	0.293706293706294
2.87	0.292682926829268
2.88	0.291666666666667
2.89	0.290657439446367
2.9	0.289655172413793
2.91	0.288659793814433
2.92	0.287671232876712
2.93	0.286689419795222
2.94	0.285714285714286
2.95	0.284745762711864
2.96	0.283783783783784
2.97	0.282828282828283
2.98	0.281879194630872
2.99	0.280936454849498
3	0.28
3.01	0.27906976744186
3.02	0.278145695364238
3.03	0.277227722772277
3.04	0.276315789473684
3.05	0.275409836065574
3.06	0.274509803921569
3.07	0.273615635179153
3.08	0.272727272727273
3.09	0.271844660194175
3.1	0.270967741935484
3.11	0.270096463022508
3.12	0.269230769230769
3.13	0.268370607028754
3.14	0.267515923566879
3.15	0.266666666666667
3.16	0.265822784810127
3.17	0.264984227129338
3.18	0.264150943396226
3.19	0.263322884012539
3.2	0.2625
3.21	0.261682242990654
3.22	0.260869565217391
3.23	0.260061919504644
3.24	0.259259259259259
3.25	0.258461538461538
3.26	0.257668711656442
3.27	0.256880733944954
3.28	0.25609756097561
3.29	0.25531914893617
3.3	0.254545454545455
3.31	0.253776435045317
3.32	0.253012048192771
3.33	0.252252252252252
3.34	0.251497005988024
3.35	0.250746268656716
3.36	0.25
3.37	0.249258160237389
3.38	0.248520710059172
3.39	0.247787610619469
3.4	0.247058823529412
3.41	0.24633431085044
3.42	0.245614035087719
3.43	0.244897959183673
3.44	0.244186046511628
3.45	0.243478260869565
3.46	0.242774566473988
3.47	0.24207492795389
3.48	0.241379310344828
3.49	0.240687679083095
3.5	0.24
3.51	0.239316239316239
3.52	0.238636363636364
3.53	0.237960339943343
3.54	0.23728813559322
3.55	0.236619718309859
3.56	0.235955056179775
3.57	0.235294117647059
3.58	0.23463687150838
3.59	0.233983286908078
3.6	0.233333333333333
3.61	0.232686980609418
3.62	0.232044198895028
3.63	0.231404958677686
3.64	0.230769230769231
3.65	0.23013698630137
3.66	0.229508196721311
3.67	0.228882833787466
3.68	0.228260869565217
3.69	0.227642276422764
3.7	0.227027027027027
3.71	0.226415094339623
3.72	0.225806451612903
3.73	0.225201072386059
3.74	0.224598930481283
3.75	0.224
3.76	0.223404255319149
3.77	0.222811671087533
3.78	0.222222222222222
3.79	0.221635883905013
3.8	0.221052631578947
3.81	0.220472440944882
3.82	0.219895287958115
3.83	0.219321148825065
3.84	0.21875
3.85	0.218181818181818
3.86	0.217616580310881
3.87	0.217054263565891
3.88	0.216494845360825
3.89	0.215938303341902
3.9	0.215384615384615
3.91	0.214833759590793
3.92	0.214285714285714
3.93	0.213740458015267
3.94	0.213197969543147
3.95	0.212658227848101
3.96	0.212121212121212
3.97	0.211586901763224
3.98	0.21105527638191
3.99	0.210526315789474
4	0.21
4.01	0.209476309226933
4.02	0.208955223880597
4.03	0.208436724565757
4.04	0.207920792079208
4.05	0.207407407407407
4.06	0.206896551724138
4.07	0.206388206388206
4.08	0.205882352941176
4.09	0.205378973105134
4.1	0.204878048780488
4.11	0.204379562043796
4.12	0.203883495145631
4.13	0.203389830508475
4.14	0.202898550724638
4.15	0.202409638554217
4.16	0.201923076923077
4.17	0.201438848920863
4.18	0.200956937799043
4.19	0.200477326968974
4.2	0.2
4.21	0.199524940617577
4.22	0.199052132701422
4.23	0.198581560283688
4.24	0.19811320754717
4.25	0.197647058823529
4.26	0.197183098591549
4.27	0.19672131147541
4.28	0.196261682242991
4.29	0.195804195804196
4.3	0.195348837209302
4.31	0.194895591647332
4.32	0.194444444444444
4.33	0.193995381062356
4.34	0.193548387096774
4.35	0.193103448275862
4.36	0.192660550458716
4.37	0.192219679633867
4.38	0.191780821917808
4.39	0.191343963553531
4.4	0.190909090909091
4.41	0.19047619047619
4.42	0.190045248868778
4.43	0.18961625282167
4.44	0.189189189189189
4.45	0.18876404494382
4.46	0.188340807174888
4.47	0.187919463087248
4.48	0.1875
4.49	0.187082405345212
4.5	0.186666666666667
4.51	0.186252771618625
4.52	0.185840707964602
4.53	0.185430463576159
4.54	0.185022026431718
4.55	0.184615384615385
4.56	0.184210526315789
4.57	0.183807439824945
4.58	0.183406113537118
4.59	0.183006535947712
4.6	0.182608695652174
4.61	0.182212581344902
4.62	0.181818181818182
4.63	0.181425485961123
4.64	0.181034482758621
4.65	0.180645161290323
4.66	0.180257510729614
4.67	0.179871520342612
4.68	0.179487179487179
4.69	0.17910447761194
4.7	0.178723404255319
4.71	0.178343949044586
4.72	0.177966101694915
4.73	0.177589852008457
4.74	0.177215189873418
4.75	0.176842105263158
4.76	0.176470588235294
4.77	0.176100628930818
4.78	0.175732217573222
4.79	0.175365344467641
4.8	0.175
4.81	0.174636174636175
4.82	0.174273858921162
4.83	0.173913043478261
4.84	0.173553719008264
4.85	0.17319587628866
4.86	0.17283950617284
4.87	0.172484599589322
4.88	0.172131147540984
4.89	0.171779141104294
4.9	0.171428571428571
4.91	0.171079429735234
4.92	0.170731707317073
4.93	0.170385395537525
4.94	0.17004048582996
4.95	0.16969696969697
4.96	0.169354838709677
4.97	0.169014084507042
4.98	0.168674698795181
4.99	0.168336673346693
5	0.168
5.01	0.167664670658683
5.02	0.167330677290837
5.03	0.166998011928429
5.04	0.166666666666667
5.05	0.166336633663366
5.06	0.16600790513834
5.07	0.165680473372781
5.08	0.165354330708661
5.09	0.165029469548134
5.1	0.164705882352941
5.11	0.164383561643836
5.12	0.1640625
5.13	0.16374269005848
5.14	0.163424124513619
5.15	0.163106796116505
5.16	0.162790697674419
5.17	0.16247582205029
5.18	0.162162162162162
5.19	0.161849710982659
5.2	0.161538461538462
5.21	0.161228406909789
5.22	0.160919540229885
5.23	0.160611854684512
5.24	0.16030534351145
5.25	0.16
5.26	0.159695817490494
5.27	0.159392789373814
5.28	0.159090909090909
5.29	0.158790170132325
5.3	0.158490566037736
5.31	0.15819209039548
5.32	0.157894736842105
5.33	0.157598499061914
5.34	0.157303370786517
5.35	0.157009345794393
5.36	0.156716417910448
5.37	0.156424581005587
5.38	0.156133828996283
5.39	0.155844155844156
5.4	0.155555555555556
5.41	0.155268022181146
5.42	0.154981549815498
5.43	0.154696132596685
5.44	0.154411764705882
5.45	0.154128440366972
5.46	0.153846153846154
5.47	0.153564899451554
5.48	0.153284671532847
5.49	0.153005464480874
5.5	0.152727272727273
5.51	0.152450090744102
5.52	0.152173913043478
5.53	0.151898734177215
5.54	0.151624548736462
5.55	0.151351351351351
5.56	0.151079136690647
5.57	0.1508078994614
5.58	0.150537634408602
5.59	0.150268336314848
5.6	0.15
5.61	0.149732620320856
5.62	0.149466192170818
5.63	0.149200710479574
5.64	0.148936170212766
5.65	0.148672566371681
5.66	0.148409893992933
5.67	0.148148148148148
5.68	0.147887323943662
5.69	0.147627416520211
5.7	0.147368421052632
5.71	0.147110332749562
5.72	0.146853146853147
5.73	0.146596858638743
5.74	0.146341463414634
5.75	0.146086956521739
5.76	0.145833333333333
5.77	0.145580589254766
5.78	0.145328719723183
5.79	0.145077720207254
5.8	0.144827586206897
5.81	0.144578313253012
5.82	0.144329896907216
5.83	0.144082332761578
5.84	0.143835616438356
5.85	0.143589743589744
5.86	0.143344709897611
5.87	0.143100511073254
5.88	0.142857142857143
5.89	0.142614601018676
5.9	0.142372881355932
5.91	0.142131979695431
5.92	0.141891891891892
5.93	0.141652613827993
5.94	0.141414141414141
5.95	0.141176470588235
5.96	0.140939597315436
5.97	0.14070351758794
5.98	0.140468227424749
5.99	0.140233722871452
6	0.14
